              random: 0.001973   0.001942  
              harris: 0.286048   0.966164  
          harris_nms: 0.524210   0.954629  
